1 195
1 265
1 435
1 462
1 585
1 615
1 616
1 718
1 759
1 796
1 971
1 1001
1 1046
1 1248
1 1280
1 1383
1 1408
1 1410
1 1413
1 1455
1 1470
1 1471
1 1506
1 1519
1 1523
1 1526
1 1544
1 1552
1 1572
1 1588
1 1605
1 1625
1 1642
1 1685
1 1697
1 1698
1 1746
1 1753
1 1828
1 1844
1 1908
1 1938
1 1960
1 2187
1 2197
1 2305
1 2312
1 2313
1 2317
1 2319
1 2341
1 2358
1 2371
1 2380
1 2390
1 2438
1 2519
1 2541
1 2572
1 2580
1 2621
1 2626
1 2666
1 2764
1 2802
1 2835
1 2864
1 2871
1 2876
1 2893
1 2912
1 2915
1 2927
1 2931
1 2940
1 2946
1 2987
1 2989
1 3011
1 3025
1 3047
1 3065
1 3069
1 3077
1 3097
1 3105
1 3142
1 3173
1 3179
1 195
1 265
1 435
1 462
1 585
1 615
1 616
1 718
1 759
1 796
1 971
1 1001
1 1046
1 1248
1 1280
1 1383
1 1408
1 1410
1 1413
1 1455
1 1470
1 1471
1 1506
1 1519
1 1523
1 1526
1 1544
1 1552
1 1572
1 1588
1 1605
1 1625
1 1642
1 1685
1 1697
1 1698
1 1746
1 1753
1 1828
1 1844
1 1908
1 1938
1 1960
1 2187
1 2197
1 2305
1 2312
1 2313
1 2317
1 2319
1 2341
1 2358
1 2371
1 2380
1 2390
1 2438
1 2519
1 2541
1 2572
1 2580
1 2621
1 2626
1 2666
1 2764
1 2802
1 2835
1 2864
1 2871
1 2876
1 2893
1 2912
1 2915
1 2927
1 2931
1 2940
1 2946
1 2987
1 2989
1 3011
1 3025
1 3047
1 3065
1 3069
1 3077
1 3097
1 3105
1 3142
1 3173
1 3179
1 195
1 265
1 435
1 462
1 585
1 615
1 616
1 718
1 759
1 796
1 971
1 1001
1 1046
1 1248
1 1280
1 1383
1 1408
1 1410
1 1413
1 1455
1 1470
1 1471
1 1506
1 1519
1 1523
1 1526
1 1544
1 1552
1 1572
1 1588
1 1605
1 1625
1 1642
1 1685
1 1697
1 1698
1 1746
1 1753
1 1828
1 1844
1 1908
1 1938
1 1960
1 2187
1 2197
1 2305
1 2312
1 2313
1 2317
1 2319
1 2341
1 2358
1 2371
1 2380
1 2390
1 2438
1 2519
1 2541
1 2572
1 2580
1 2621
1 2626
1 2666
1 2764
1 2802
1 2835
1 2864
1 2871
1 2876
1 2893
1 2912
1 2915
1 2927
1 2931
1 2940
1 2946
1 2987
1 2989
1 3011
1 3025
1 3047
1 3065
1 3069
1 3077
1 3097
1 3105
1 3142
1 3173
1 3179
1 195
1 3069
1 1746
1 2319
1 718
1 2312
1 265
1 2371
1 1642
1 2915
1 1685
1 1523
1 2666
1 759
1 2626
1 2313
1 1248
1 1046
1 1753
1 3179
1 1588
1 2380
1 971
1 1526
1 2187
1 1383
1 615
1 1828
1 2989
1 2835
1 1697
1 435
1 2764
1 1938
1 1280
1 1471
1 1960
1 2912
1 2946
1 1455
1 3173
1 1698
1 2519
1 2876
1 2621
1 2940
1 2358
1 3065
1 3142
1 1519
1 2438
1 616
1 1625
1 1544
1 462
1 2871
1 2802
1 1552
1 3105
1 1001
1 3025
1 2305
1 2317
1 2572
1 1506
1 1572
1 1413
1 2987
1 2927
1 1605
1 1408
1 1410
1 2541
1 2390
1 3047
1 2580
1 3011
1 2864
1 1908
1 2931
1 2341
1 2197
1 585
1 1844
1 796
1 3097
1 3077
1 2893
1 1470
1 195
1 3069
1 1746
1 2319
1 718
1 2312
1 265
1 2371
1 1642
1 2915
