1 195
1 3069
1 1746
1 2319
1 718
1 2312
1 265
1 2371
1 1642
1 2915
1 1685
1 1523
1 2666
1 759
1 2626
1 2313
1 1248
1 1046
1 1753
1 3179
1 1588
1 2380
1 971
1 1526
1 2187
1 1383
1 615
1 2989
1 1828
1 2835
1 1697
1 435
1 2764
1 1938
1 1280
1 1471
1 1960
1 2912
1 2946
1 1455
1 3173
1 1698
1 2519
1 2876
1 2621
1 2358
1 2940
1 3065
1 3142
1 1519
2 210
2 452
2 204
2 1821
2 69
2 1867
2 492
2 3028
2 1014
2 3188
2 3171
2 1046
2 2905
2 242
2 1519
2 1259
2 1977
2 1623
2 1593
2 1553
2 1421
2 1676
2 1200
2 3144
2 2485
2 2852
2 1397
2 3129
2 1975
2 2219
2 2406
2 2215
2 2194
2 1010
2 2355
2 3057
2 2980
2 1379
2 1062
2 2047
2 1309
2 3110
2 2899
2 531
2 1674
2 2368
2 2680
2 616
2 1747
2 3165
3 2658
3 929
3 1313
3 2066
3 51
3 2551
3 2587
3 77
3 100
3 1007
3 2685
3 248
3 70
3 1785
3 1402
3 1658
3 1134
3 252
3 205
3 3115
3 1314
3 1496
3 1783
3 1387
3 3130
3 2439
3 1723
3 2867
3 2111
3 2871
3 3151
3 1392
3 58
3 799
3 1029
3 2423
3 1062
3 2666
3 254
3 3099
3 3000
3 3030
3 2179
3 1740
3 1154
3 1696
3 2870
3 2053
3 1223
3 2897
